0	0
0.00250627	0.00250628
0.00501253	0.00501266
0.0075188	0.00751922
0.0100251	0.0100261
0.0125313	0.0125333
0.0150376	0.015041
0.0175439	0.0175493
0.0200501	0.0200582
0.0225564	0.0225679
0.0250627	0.0250784
0.0275689	0.0275899
0.0300752	0.0301024
0.0325815	0.0326161
0.0350877	0.0351309
0.037594	0.0376472
0.0401003	0.0401648
0.0426065	0.0426839
0.0451128	0.0452047
0.047619	0.0477271
0.0501253	0.0502514
0.0526316	0.0527776
0.0551378	0.0553057
0.0576441	0.057836
0.0601504	0.0603684
0.0626566	0.0629031
0.0651629	0.0654402
0.0676692	0.0679797
0.0701754	0.0705219
0.0726817	0.0730667
0.075188	0.0756142
0.0776942	0.0781646
0.0802005	0.080718
0.0827068	0.0832745
0.085213	0.085834
0.0877193	0.0883969
0.0902256	0.0909631
0.0927318	0.0935327
0.0952381	0.0961059
0.0977444	0.0986827
0.100251	0.101263
0.102757	0.103848
0.105263	0.106436
0.107769	0.109028
0.110276	0.111625
0.112782	0.114226
0.115288	0.116831
0.117794	0.11944
0.120301	0.122054
0.122807	0.124673
0.125313	0.127297
0.12782	0.129925
0.130326	0.132558
0.132832	0.135197
0.135338	0.13784
0.137845	0.140489
0.140351	0.143143
0.142857	0.145803
0.145363	0.148468
0.14787	0.151139
0.150376	0.153815
0.152882	0.156498
0.155388	0.159186
0.157895	0.161881
0.160401	0.164581
0.162907	0.167289
0.165414	0.170002
0.16792	0.172722
0.170426	0.175449
0.172932	0.178182
0.175439	0.180922
0.177945	0.18367
0.180451	0.186424
0.182957	0.189185
0.185464	0.191954
0.18797	0.19473
0.190476	0.197514
0.192982	0.200305
0.195489	0.203104
0.197995	0.205911
0.200501	0.208726
0.203008	0.211549
0.205514	0.21438
0.20802	0.217219
0.210526	0.220067
0.213033	0.222923
0.215539	0.225788
0.218045	0.228662
0.220551	0.231545
0.223058	0.234437
0.225564	0.237337
0.22807	0.240247
0.230576	0.243167
0.233083	0.246096
0.235589	0.249034
0.238095	0.251983
0.240602	0.254941
0.243108	0.257909
0.245614	0.260887
0.24812	0.263875
0.250627	0.266874
0.253133	0.269884
0.255639	0.272903
0.258145	0.275934
0.260652	0.278976
0.263158	0.282028
0.265664	0.285092
0.26817	0.288166
0.270677	0.291253
0.273183	0.29435
0.275689	0.29746
0.278195	0.300581
0.280702	0.303714
0.283208	0.306859
0.285714	0.310016
0.288221	0.313186
0.290727	0.316368
0.293233	0.319563
0.295739	0.32277
0.298246	0.32599
0.300752	0.329224
0.303258	0.33247
0.305764	0.33573
0.308271	0.339003
0.310777	0.34229
0.313283	0.34559
0.315789	0.348905
0.318296	0.352233
0.320802	0.355576
0.323308	0.358933
0.325815	0.362304
0.328321	0.36569
0.330827	0.369091
0.333333	0.372506
0.33584	0.375937
0.338346	0.379383
0.340852	0.382845
0.343358	0.386321
0.345865	0.389814
0.348371	0.393323
0.350877	0.396847
0.353383	0.400388
0.35589	0.403945
0.358396	0.407518
0.360902	0.411109
0.363409	0.414716
0.365915	0.41834
0.368421	0.421981
0.370927	0.42564
0.373434	0.429316
0.37594	0.43301
0.378446	0.436721
0.380952	0.440451
0.383459	0.444199
0.385965	0.447965
0.388471	0.45175
0.390977	0.455554
0.393484	0.459376
0.39599	0.463218
0.398496	0.467078
0.401003	0.470959
0.403509	0.474859
0.406015	0.478779
0.408521	0.482719
0.411028	0.486679
0.413534	0.490659
0.41604	0.49466
0.418546	0.498682
0.421053	0.502725
0.423559	0.506789
0.426065	0.510874
0.428571	0.514981
0.431078	0.51911
0.433584	0.523261
0.43609	0.527434
0.438596	0.531629
0.441103	0.535847
0.443609	0.540088
0.446115	0.544352
0.448622	0.548639
0.451128	0.55295
0.453634	0.557284
0.45614	0.561642
0.458647	0.566024
0.461153	0.570431
0.463659	0.574862
0.466165	0.579318
0.468672	0.583798
0.471178	0.588304
0.473684	0.592836
0.47619	0.597393
0.478697	0.601976
0.481203	0.606585
0.483709	0.611221
0.486216	0.615883
0.488722	0.620572
0.491228	0.625289
0.493734	0.630032
0.496241	0.634804
0.498747	0.639603
0.501253	0.64443
0.503759	0.649285
0.506266	0.654169
0.508772	0.659083
0.511278	0.664025
0.513784	0.668996
0.516291	0.673997
0.518797	0.679028
0.521303	0.68409
0.52381	0.689181
0.526316	0.694304
0.528822	0.699457
0.531328	0.704642
0.533835	0.709858
0.536341	0.715106
0.538847	0.720387
0.541353	0.725699
0.54386	0.731045
0.546366	0.736423
0.548872	0.741835
0.551378	0.74728
0.553885	0.752759
0.556391	0.758272
0.558897	0.76382
0.561404	0.769402
0.56391	0.77502
0.566416	0.780673
0.568922	0.786361
0.571429	0.792086
0.573935	0.797847
0.576441	0.803645
0.578947	0.80948
0.581454	0.815352
0.58396	0.821261
0.586466	0.827209
0.588972	0.833195
0.591479	0.83922
0.593985	0.845284
0.596491	0.851387
0.598997	0.857529
0.601504	0.863712
0.60401	0.869935
0.606516	0.876199
0.609023	0.882504
0.611529	0.888851
0.614035	0.895239
0.616541	0.90167
0.619048	0.908143
0.621554	0.914659
0.62406	0.921219
0.626566	0.927822
0.629073	0.93447
0.631579	0.941162
0.634085	0.947898
0.636591	0.954681
0.639098	0.961508
0.641604	0.968382
0.64411	0.975303
0.646617	0.98227
0.649123	0.989285
0.651629	0.996347
0.654135	1.00346
0.656642	1.01062
0.659148	1.01783
0.661654	1.02508
0.66416	1.03239
0.666667	1.03975
0.669173	1.04716
0.671679	1.05462
0.674185	1.06213
0.676692	1.06969
0.679198	1.07731
0.681704	1.08498
0.684211	1.0927
0.686717	1.10048
0.689223	1.10831
0.691729	1.1162
0.694236	1.12414
0.696742	1.13214
0.699248	1.14019
0.701754	1.14831
0.704261	1.15647
0.706767	1.1647
0.709273	1.17299
0.711779	1.18133
0.714286	1.18974
0.716792	1.1982
0.719298	1.20673
0.721805	1.21531
0.724311	1.22396
0.726817	1.23267
0.729323	1.24144
0.73183	1.25028
0.734336	1.25918
0.736842	1.26814
0.739348	1.27717
0.741855	1.28627
0.744361	1.29543
0.746867	1.30466
0.749373	1.31396
0.75188	1.32332
0.754386	1.33275
0.756892	1.34226
0.759398	1.35183
0.761905	1.36147
0.764411	1.37118
0.766917	1.38097
0.769424	1.39083
0.77193	1.40076
0.774436	1.41076
0.776942	1.42084
0.779449	1.431
0.781955	1.44123
0.784461	1.45153
0.786967	1.46192
0.789474	1.47238
0.79198	1.48292
0.794486	1.49354
0.796992	1.50424
0.799499	1.51502
0.802005	1.52588
0.804511	1.53682
0.807018	1.54785
0.809524	1.55896
0.81203	1.57016
0.814536	1.58144
0.817043	1.5928
0.819549	1.60425
0.822055	1.61579
0.824561	1.62742
0.827068	1.63914
0.829574	1.65095
0.83208	1.66285
0.834586	1.67484
0.837093	1.68692
0.839599	1.69909
0.842105	1.71136
0.844612	1.72373
0.847118	1.73619
0.849624	1.74875
0.85213	1.7614
0.854637	1.77416
0.857143	1.78701
0.859649	1.79996
0.862155	1.81302
0.864662	1.82617
0.867168	1.83943
0.869674	1.8528
0.87218	1.86627
0.874687	1.87984
0.877193	1.89352
0.879699	1.90731
0.882206	1.92121
0.884712	1.93522
0.887218	1.94934
0.889724	1.96357
0.892231	1.97792
0.894737	1.99238
0.897243	2.00695
0.899749	2.02164
0.902256	2.03645
0.904762	2.05138
0.907268	2.06642
0.909774	2.08159
0.912281	2.09688
0.914787	2.11229
0.917293	2.12782
0.919799	2.14348
0.922306	2.15927
0.924812	2.17518
0.927318	2.19123
0.929825	2.2074
0.932331	2.2237
0.934837	2.24014
0.937343	2.25671
0.93985	2.27341
0.942356	2.29025
0.944862	2.30723
0.947368	2.32435
0.949875	2.34161
0.952381	2.359
0.954887	2.37654
0.957393	2.39423
0.9599	2.41206
0.962406	2.43004
0.964912	2.44816
0.967419	2.46644
0.969925	2.48486
0.972431	2.50344
0.974937	2.52217
0.977444	2.54106
0.97995	2.5601
0.982456	2.57931
0.984962	2.59867
0.987469	2.61819
0.989975	2.63788
0.992481	2.65773
0.994987	2.67774
0.997494	2.69793
1	2.71828
